  -0.4000
   0.6000
  -0.8700
   0.2300

   0.0140
   0.9860

   0.1304
        0
   0.0600
   0.5000

   0.3965
   0.6035

   0.1304
   1.0000
   0.0920
   0.5000

   0.3965
   0.6035

   0.2174
        0
   0.0920
   0.5000

   0.3965
   0.6035

   0.3043
        0
   0.0920
   0.5000

   0.3965
   0.6035

   0.3043
   1.0000
   0.0920
   0.5000

   0.3965
   0.6035

   0.3913
        0
   0.0920
   0.5000

   0.3965
   0.6035

   0.3913
   1.0000
  -0.0040
   0.2000

   0.3965
   0.6035

   0.4783
        0
  -0.0040
   0.2000

   0.3965
   0.6035

   0.4783
   1.0000
  -0.0040
   0.2000

   0.3965
   0.6035

   0.5652
        0
  -0.0040
   0.2000

   0.3965
   0.6035

   0.5652
   1.0000
  -0.0040
   0.2000

   0.3965
   0.6035

   0.6522
        0
  -0.0040
   0.2000

   0.3965
   0.6035

   0.6522
   1.0000
  -0.2120
        0

   0.3965
   0.6035

   0.7391
        0
  -0.2120
        0

   0.3965
   0.6035

   0.7391
   1.0000
  -0.2120
        0

   0.3965
   0.6035

   0.8261
        0
  -0.2120
        0

   0.3965
   0.6035

   0.8261
   1.0000
  -0.2120
        0

   0.3965
   0.6035

   0.9130
        0
  -0.2120
        0

   0.3965
   0.6035

   1.0000
        0
  -0.2720
        0

   0.3965
   0.6035

   1.0000
   1.0000
  -0.2720
        0

   0.3965
   0.6035

  -0.3043
        0
   0.1480
        0

   0.3962
   0.6038

  -0.3043
   1.0000
   0.1480
        0

   0.3965
   0.6035

  -0.2174
        0
   0.1480
        0

   0.3965
   0.6035

  -0.2174
   1.0000
   0.1480
        0

   0.3965
   0.6035

  -0.1304
        0
   0.1480
        0

   0.3965
   0.6035

  -0.1304
   1.0000
   0.2920
        0

   0.3965
   0.6035

   0.8261
        0
  -0.1320
   0.3000

   0.3965
   0.6035

   0.8261
   1.0000
  -0.1320
   0.3000

   0.3965
   0.6035

   0.9130
        0
  -0.1320
   0.3000

   0.3965
   0.6035

   0.9130
   1.0000
  -0.2000
        0

   0.3965
   0.6035

   1.0000
        0
  -0.2000
        0

   0.3965
   0.6035

   1.0000
   1.0000
  -0.2000
        0

   0.3965
   0.6035

  -1.0000
   1.0000
  -0.2000
        0

   0.0140
   0.9860

  -0.9130
        0
  -0.2000
        0

   0.0139
   0.9861

  -0.9130
   1.0000
  -0.1760
        0

   0.0140
   0.9860

  -0.8261
        0
  -0.1760
        0

   0.0139
   0.9861

  -0.8261
   1.0000
  -0.1760
        0

   0.0140
   0.9860

  -0.7391
        0
  -0.1760
        0

   0.0140
   0.9860

  -0.7391
   1.0000
  -0.1760
        0

   0.0140
   0.9860

  -0.6522
        0
  -0.1760
        0

   0.0140
   0.9860

  -0.6522
   1.0000
  -0.0880
   0.1000

   0.0140
   0.9860

  -0.5652
        0
  -0.0880
   0.1000

   0.0140
   0.9860

  -0.5652
   1.0000
  -0.0880
   0.1000

   0.0140
   0.9860

  -0.4783
        0
  -0.0880
   0.1000

   0.0140
   0.9860

  -0.4783
   1.0000
  -0.0880
   0.1000

   0.0140
   0.9860

  -0.3913
        0
  -0.0920
   0.1000

   0.0140
   0.9860

  -0.3913
   1.0000
   0.0160
   0.4000

   0.3965
   0.6035

  -0.3043
   1.0000
   0.0160
   0.4000

   0.3965
   0.6035

  -0.2174
        0
   0.0160
   0.4000

   0.3965
   0.6035

  -0.2174
   1.0000
   0.0160
   0.4000

   0.3965
   0.6035

  -0.1304
        0
   0.0160
   0.4000

   0.3965
   0.6035

  -0.1304
   1.0000
   0.0400
   1.0000

   0.3965
   0.6035

  -0.0435
        0
   0.0400
   1.0000

   0.3965
   0.6035

  -0.0435
   1.0000
   0.0400
   1.0000

   0.3965
   0.6035

   0.0435
        0
   0.0400
   1.0000

   0.3965
   0.6035

   0.0435
   1.0000
   0.0400
   1.0000

   0.3965
   0.6035

   0.1304
        0
   0.0400
   1.0000

   0.3965
   0.6035

   0.1304
   1.0000
   0.1240
   0.9000

   0.3965
   0.6035

   0.2174
        0
   0.1240
   0.9000

   0.3965
   0.6035

   0.2174
   1.0000
   0.1240
   0.9000

   0.3965
   0.6035

   0.3043
        0
   0.1240
   0.9000

   0.3965
   0.6035

   0.3043
   1.0000
   0.1240
   0.9000

   0.3965
   0.6035

   0.3913
   1.0000
   0.0240
   0.2000

   0.3965
   0.6035

   0.4783
        0
   0.0160
   0.2000

   0.3965
   0.6035

   0.4783
   1.0000
   0.0160
   0.2000

   0.3965
   0.6035

   0.5652
        0
   0.0160
   0.2000

   0.3965
   0.6035

   0.5652
   1.0000
   0.0160
   0.2000

   0.3965
   0.6035

   0.6522
        0
   0.0160
   0.2000

   0.3965
   0.6035

   0.6522
   1.0000
  -0.1640
        0

   0.3965
   0.6035

   0.7391
        0
  -0.1640
        0

   0.3965
   0.6035

   0.7391
   1.0000
  -0.1640
        0

   0.3965
   0.6035

   0.8261
        0
  -0.1640
        0

   0.3965
   0.6035

   0.8261
   1.0000
  -0.1320
   0.1000

   0.3965
   0.6035

   0.9130
        0
  -0.1320
   0.1000

   0.3965
   0.6035

   0.9130
   1.0000
  -0.2080
        0

   0.3965
   0.6035

   1.0000
        0
  -0.2080
        0

   0.3965
   0.6035

   1.0000
   1.0000
  -0.2080
        0

   0.3965
   0.6035

  -1.0000
   1.0000
  -0.2080
        0

   0.0140
   0.9860

  -0.9130
        0
  -0.2080
        0

   0.0139
   0.9861

  -0.9130
   1.0000
  -0.2120
        0

   0.0140
   0.9860

  -0.8261
        0
  -0.2120
        0

   0.0139
   0.9861

  -0.8261
   1.0000
  -0.2120
        0

   0.0140
   0.9860

  -0.7391
        0
  -0.2120
        0

   0.0140
   0.9860

  -0.7391
   1.0000
  -0.2120
        0

   0.0140
   0.9860

  -0.6522
        0
  -0.2120
        0

   0.0140
   0.9860

  -0.6522
   1.0000
  -0.1320
        0

   0.0140
   0.9860

  -0.5652
        0
  -0.1320
        0

   0.0140
   0.9860

  -0.5652
   1.0000
  -0.1320
        0

   0.0140
   0.9860

  -0.4783
        0
  -0.1320
        0

   0.0140
   0.9860

  -0.4783
   1.0000
  -0.1320
        0

   0.0140
   0.9860

  -0.3913
        0
  -0.1320
        0

   0.0140
   0.9860

  -0.3913
   1.0000
  -0.0320
   0.1000

   0.0311
   0.9689

  -0.3043
   1.0000
  -0.0320
   0.1000

   0.3965
   0.6035

  -0.2174
        0
  -0.0320
   0.1000

   0.3965
   0.6035

  -0.2174
   1.0000
  -0.0320
   0.1000

   0.3965
   0.6035

  -0.1304
        0
  -0.0320
   0.1000

   0.3965
   0.6035

  -0.1304
   1.0000
   0.0480
   0.3000

   0.3965
   0.6035

  -0.0435
        0
   0.0480
   0.3000

   0.3965
   0.6035

  -0.0435
   1.0000
   0.0400
   0.4000

   0.3965
   0.6035

   0.0435
        0
   0.0400
   0.4000

   0.3965
   0.6035

   0.0435
   1.0000
   0.0400
   0.4000

   0.3965
   0.6035

   0.1304
        0
   0.0400
   0.4000

   0.3965
   0.6035

   0.1304
   1.0000
   0.1440
   0.3000

   0.3965
   0.6035

   0.2174
        0
   0.1440
   0.3000

   0.3965
   0.6035

   0.2174
   1.0000
   0.1440
   0.3000

   0.3965
   0.6035

   0.3043
   1.0000
   0.1440
   0.3000

   0.3965
   0.6035

   0.3913
        0
   0.1160
   0.5000

   0.3965
   0.6035

   0.3913
   1.0000
  -0.0080
   0.2000

   0.3965
   0.6035

   1.0000
        0
  -0.2920
        0

   0.3965
   0.6035

  -1.0000
        0
  -0.2920
        0

   0.0139
   0.9861

  -1.0000
   1.0000
  -0.2920
        0

   0.0140
   0.9860

  -0.9130
        0
  -0.2920
        0

   0.0139
   0.9861

  -0.9130
   1.0000
  -0.3200
        0

   0.0140
   0.9860

  -0.8261
        0
  -0.3200
        0

   0.0139
   0.9861

  -0.8261
   1.0000
  -0.3200
        0

   0.0140
   0.9860

  -0.7391
        0
  -0.3200
        0

   0.0139
   0.9861

  -0.7391
   1.0000
  -0.3200
        0

   0.0140
   0.9860

  -0.6522
        0
  -0.3200
        0

   0.0140
   0.9860

  -0.6522
   1.0000
  -0.1360
        0

   0.0140
   0.9860

  -0.5652
        0
  -0.1360
        0

   0.0140
   0.9860

  -0.5652
   1.0000
  -0.1360
        0

   0.0140
   0.9860

  -0.4783
        0
  -0.1360
        0

   0.0140
   0.9860

  -0.4783
   1.0000
  -0.1360
        0

   0.0140
   0.9860

  -0.3913
        0
  -0.1360
        0

   0.0140
   0.9860

  -0.3043
        0
   0.1280
   0.1000

   0.3965
   0.6035

  -0.3043
   1.0000
   0.1280
   0.1000

   0.3965
   0.6035

  -0.2174
        0
   0.1280
   0.1000

   0.3965
   0.6035

  -0.2174
   1.0000
   0.1280
   0.1000

   0.3965
   0.6035

  -0.1304
        0
   0.1280
        0

   0.3965
   0.6035

  -0.1304
   1.0000
   0.2600
   0.2000

   0.3965
   0.6035

  -0.0435
        0
   0.2600
   0.2000

   0.3965
   0.6035

  -0.0435
   1.0000
   0.2600
   0.2000

   0.3965
   0.6035

   0.0435
   1.0000
   0.2600
   0.2000

   0.3965
   0.6035

   0.1304
        0
   0.2600
   0.2000

   0.3965
   0.6035

   0.1304
   1.0000
   0.2600
   0.3000

   0.3965
   0.6035

   0.2174
        0
   0.2600
   0.3000

   0.3965
   0.6035

   0.2174
   1.0000
   0.2600
   0.3000

   0.3965
   0.6035

   0.3043
        0
   0.2600
   0.3000

   0.3965
   0.6035

   0.3043
   1.0000
   0.2600
   0.3000

   0.3965
   0.6035

   0.3913
        0
   0.2600
   0.3000

   0.3965
   0.6035

   0.3913
   1.0000
   0.1120
   0.2000

   0.3965
   0.6035

   0.4783
        0
   0.1120
   0.2000

   0.3965
   0.6035

   0.4783
   1.0000
   0.1120
   0.2000

   0.3965
   0.6035

   0.5652
        0
   0.1120
   0.2000

   0.3965
   0.6035

   0.5652
   1.0000
   0.1120
   0.2000

   0.3965
   0.6035

   0.6522
        0
   0.1120
   0.2000

   0.3965
   0.6035

   0.6522
   1.0000
  -0.1840
   0.2000

   0.3965
   0.6035

  -0.4783
        0
  -0.0440
        0

   0.0140
   0.9860

  -0.4783
   1.0000
  -0.0440
        0

   0.0140
   0.9860

   0.0435
        0
   0.2920
   0.6000

   0.3965
   0.6035

   0.6522
   1.0000
  -0.1040
   0.2000

   0.3965
   0.6035

   0.7391
        0
  -0.1040
   0.2000

   0.3965
   0.6035

  -1.0000
        0
  -0.3280
        0

   0.0138
   0.9862

  -0.9130
        0
  -0.3280
        0

   0.0139
   0.9861

  -0.9130
   1.0000
  -0.3040
        0

   0.0140
   0.9860

  -0.8261
        0
  -0.3040
        0

   0.0139
   0.9861

  -0.8261
   1.0000
  -0.3040
        0

   0.0140
   0.9860

  -0.7391
        0
  -0.3040
        0

   0.0139
   0.9861

  -0.7391
   1.0000
  -0.3040
        0

   0.0140
   0.9860

  -0.6522
        0
  -0.3040
        0

   0.0140
   0.9860

  -0.6522
   1.0000
  -0.1000
        0

   0.0140
   0.9860

  -0.5652
        0
  -0.1000
        0

   0.0140
   0.9860

  -0.5652
   1.0000
  -0.1000
        0

   0.0140
   0.9860

  -0.4783
        0
  -0.1000
        0

   0.0140
   0.9860

  -0.4783
   1.0000
  -0.1160
        0

   0.0140
   0.9860

  -0.3913
        0
  -0.1160
        0

   0.0140
   0.9860

  -0.3913
   1.0000
   0.1640
   0.1000

   0.3965
   0.6035

  -0.3043
        0
   0.1640
   0.1000

   0.3965
   0.6035

  -0.2174
        0
   0.1640
   0.1000

   0.3965
   0.6035

  -0.2174
   1.0000
   0.1640
   0.1000

   0.3965
   0.6035

  -0.1304
        0
   0.1640
   0.1000

   0.3965
   0.6035

  -0.1304
   1.0000
   0.3000
   0.1000

   0.3965
   0.6035

  -0.0435
        0
   0.3000
   0.1000

   0.3965
   0.6035

  -0.0435
   1.0000
   0.3000
   0.1000

   0.3965
   0.6035

   0.0435
        0
   0.3000
   0.1000

   0.3965
   0.6035

   0.0435
   1.0000
   0.3000
   0.1000

   0.3965
   0.6035

   0.1304
        0
   0.3000
   0.1000

   0.3965
   0.6035

   0.1304
   1.0000
   0.2800
   0.2000

   0.3965
   0.6035

   0.2174
        0
   0.2800
   0.2000

   0.3965
   0.6035

   0.2174
   1.0000
   0.2800
   0.2000

   0.3965
   0.6035

   0.3043
        0
   0.2800
   0.2000

   0.3965
   0.6035

   0.3043
   1.0000
   0.2800
   0.2000

   0.3965
   0.6035

   0.3913
        0
   0.2800
   0.2000

   0.3965
   0.6035

   0.4783
        0
   0.1560
   0.1000

   0.3965
   0.6035

   0.4783
   1.0000
   0.1560
   0.1000

   0.3965
   0.6035

   0.5652
        0
   0.1560
   0.1000

   0.3965
   0.6035

   0.5652
   1.0000
   0.1560
   0.1000

   0.3965
   0.6035

   0.6522
        0
   0.1560
   0.1000

   0.3965
   0.6035

   0.6522
   1.0000
  -0.1520
        0

   0.3965
   0.6035

   0.7391
        0
  -0.1520
        0

   0.3965
   0.6035

   0.7391
   1.0000
  -0.1760
        0

   0.3965
   0.6035

   0.8261
        0
  -0.1760
        0

   0.3965
   0.6035

   0.8261
   1.0000
  -0.1760
        0

   0.3965
   0.6035

   0.9130
        0
  -0.1760
        0

   0.3965
   0.6035

   0.9130
   1.0000
  -0.3560
        0

   0.3965
   0.6035

   1.0000
        0
  -0.3560
        0

   0.3965
   0.6035

   1.0000
   1.0000
  -0.3560
        0

   0.3965
   0.6035

  -1.0000
        0
  -0.3560
        0

   0.0137
   0.9863

  -1.0000
   1.0000
  -0.3560
        0

   0.0140
   0.9860

  -0.9130
   1.0000
  -0.3880
        0

   0.0140
   0.9860

  -0.8261
        0
  -0.3880
        0

   0.0139
   0.9861

  -0.8261
   1.0000
  -0.3880
        0

   0.0140
   0.9860

  -0.4783
   1.0000
  -0.0320
        0

   0.0140
   0.9860

  -0.3913
        0
  -0.0320
        0

   0.0140
   0.9860

  -0.3913
   1.0000
   0.1080
   0.4000

   0.3965
   0.6035

  -0.3043
        0
   0.1080
   0.4000

   0.3965
   0.6035

  -0.3043
   1.0000
   0.1080
   0.4000

   0.3965
   0.6035

  -0.2174
        0
   0.1080
   0.4000

   0.3965
   0.6035

  -0.2174
   1.0000
   0.1080
   0.4000

   0.3965
   0.6035

  -0.1304
        0
   0.1080
   0.4000

   0.3965
   0.6035

  -0.1304
   1.0000
   0.2680
   1.0000

   0.3965
   0.6035

  -0.0435
        0
   0.2680
   1.0000

   0.3965
   0.6035

  -0.0435
   1.0000
   0.2680
   1.0000

   0.3965
   0.6035

   0.0435
        0
   0.2680
   1.0000

   0.3965
   0.6035

   0.0435
   1.0000
   0.2680
   1.0000

   0.3965
   0.6035

   0.1304
        0
   0.2680
   1.0000

   0.3965
   0.6035

   0.1304
   1.0000
   0.1840
   1.0000

   0.3965
   0.6035

   0.2174
   1.0000
   0.1840
   1.0000

   0.3965
   0.6035

   0.3043
        0
   0.1840
   1.0000

   0.3965
   0.6035

   0.3043
   1.0000
   0.1840
   1.0000

   0.3965
   0.6035

   0.3913
        0
   0.1840
   1.0000

   0.3965
   0.6035

   0.3913
   1.0000
   0.0880
   1.0000

   0.3965
   0.6035

   0.4783
        0
   0.0880
   1.0000

   0.3965
   0.6035

   0.4783
   1.0000
   0.0880
   1.0000

   0.3965
   0.6035

   0.5652
        0
   0.0880
   1.0000

   0.3965
   0.6035

   0.5652
   1.0000
   0.0880
   1.0000

   0.3965
   0.6035

   0.6522
        0
   0.0880
   1.0000

   0.3965
   0.6035

   0.6522
   1.0000
  -0.1400
   0.7000

   0.3965
   0.6035

   0.7391
        0
  -0.1200
   0.5000

   0.3965
   0.6035

   0.7391
   1.0000
  -0.1200
   0.5000

   0.3965
   0.6035

   0.8261
        0
  -0.1200
   0.5000

   0.3965
   0.6035

   0.8261
   1.0000
  -0.1200
   0.5000

   0.3965
   0.6035

   0.9130
   1.0000
  -0.1280
   0.3000

   0.3965
   0.6035

  -0.4783
   1.0000
  -0.0520
   0.5000

   0.3965
   0.6035

  -0.3913
        0
  -0.0520
   0.5000

   0.3965
   0.6035

  -0.3913
   1.0000
  -0.0520
   1.0000

   0.3965
   0.6035

  -0.3043
        0
  -0.0520
   1.0000

   0.3965
   0.6035

  -0.3043
   1.0000
  -0.0520
   1.0000

   0.3965
   0.6035

  -0.2174
        0
  -0.0520
   1.0000

   0.3965
   0.6035

  -0.1304
        0
  -0.0520
   1.0000

   0.3965
   0.6035

  -0.1304
   1.0000
   0.0120
   1.0000

   0.3965
   0.6035

  -0.0435
        0
   0.0120
   1.0000

   0.3965
   0.6035

  -0.0435
   1.0000
   0.0120
   1.0000

   0.3965
   0.6035

   0.0435
        0
   0.0120
   1.0000

   0.3965
   0.6035

   0.0435
   1.0000
   0.0120
   1.0000

   0.3965
   0.6035

   0.1304
        0
   0.0120
   1.0000

   0.3965
   0.6035

   0.1304
   1.0000
  -0.0320
   1.0000

   0.3965
   0.6035

   0.2174
        0
  -0.0320
   1.0000

   0.3965
   0.6035

   0.2174
   1.0000
  -0.0320
   1.0000

   0.3965
   0.6035

   0.3043
        0
  -0.0320
   1.0000

   0.3965
   0.6035

   0.3043
   1.0000
  -0.0320
   1.0000

   0.3965
   0.6035

   0.3913
        0
  -0.0320
   1.0000

   0.3965
   0.6035

   0.3913
   1.0000
  -0.0600
   0.2000

   0.3965
   0.6035

   0.4783
        0
  -0.0600
   0.2000

   0.3965
   0.6035

   0.5652
        0
  -0.0600
   0.2000

   0.3965
   0.6035

   0.5652
   1.0000
  -0.0600
   0.2000

   0.3965
   0.6035

   0.6522
        0
  -0.0600
   0.2000

   0.3965
   0.6035

   0.6522
   1.0000
  -0.2560
        0

   0.3965
   0.6035

   0.7391
        0
  -0.2560
        0

   0.3965
   0.6035

   0.7391
   1.0000
  -0.2560
        0

   0.3965
   0.6035

   0.8261
        0
  -0.2560
        0

   0.3965
   0.6035

   0.9130
        0
  -0.2800
        0

   0.3965
   0.6035

   0.9130
   1.0000
  -0.3240
        0

   0.3965
   0.6035

   1.0000
        0
  -0.3240
        0

   0.3965
   0.6035

   1.0000
   1.0000
  -0.3240
        0

   0.3965
   0.6035

  -1.0000
        0
  -0.3240
        0

   0.0138
   0.9862

  -0.9130
        0
  -0.3240
        0

   0.0139
   0.9861

  -0.9130
   1.0000
  -0.3600
        0

   0.0140
   0.9860

  -0.8261
        0
  -0.3600
        0

   0.0139
   0.9861

  -0.8261
   1.0000
  -0.3600
        0

   0.0140
   0.9860

  -0.7391
        0
  -0.3600
        0

   0.0139
   0.9861

  -0.7391
   1.0000
  -0.3600
        0

   0.0140
   0.9860

  -0.6522
        0
  -0.3600
        0

   0.0139
   0.9860

  -0.6522
   1.0000
  -0.1960
        0

   0.0140
   0.9860

  -0.5652
        0
  -0.1960
        0

   0.0140
   0.9860

  -0.5652
   1.0000
  -0.1960
        0

   0.0140
   0.9860

  -0.4783
        0
  -0.1960
        0

   0.0140
   0.9860

  -0.4783
   1.0000
  -0.1960
        0

   0.0140
   0.9860

  -0.3913
        0
  -0.1960
        0

   0.0140
   0.9860

  -0.3913
   1.0000
   0.0760
        0

   0.0167
   0.9833

  -0.3043
        0
   0.0760
        0

   0.1404
   0.8596

  -0.2174
        0
   0.0760
        0

   0.3965
   0.6035

  -0.2174
   1.0000
   0.0760
        0

   0.3965
   0.6035

  -0.1304
        0
   0.0760
        0

   0.3965
   0.6035

  -0.1304
   1.0000
   0.2080
        0

   0.3965
   0.6035

  -0.0435
        0
   0.2080
        0

   0.3965
   0.6035

  -0.0435
   1.0000
   0.2080
        0

   0.3965
   0.6035

   0.0435
        0
   0.2080
        0

   0.3965
   0.6035

   0.0435
   1.0000
   0.2080
        0

   0.3965
   0.6035

   0.1304
        0
   0.2080
        0

   0.3965
   0.6035

   0.1304
   1.0000
   0.2200
        0

   0.3965
   0.6035

   0.2174
        0
   0.2200
        0

   0.3965
   0.6035

   0.2174
   1.0000
   0.2200
        0

   0.3965
   0.6035

   0.3043
        0
   0.2200
        0

   0.3965
   0.6035

   0.3043
   1.0000
   0.2200
        0

   0.3965
   0.6035

   0.3913
        0
   0.2200
        0

   0.3965
   0.6035

   0.4783
        0
   0.0840
        0

   0.3965
   0.6035

