5 15
4.924747
1.898080
-0.103642
1.077516
-1.020761
-4.804755
-4.134411
9.648325
0.380090
-0.069539
9.353960
-1.769889
-4.567706
-1.808953
2.382202
-3.467336
3.350481
16.182969
1.648548
-1.352109
5.239197
-1.632732
-14.118791
1.605301
-1.748219
2.775436
3.188995
6.516324
1.028397
-0.428819
-0.504885
-1.208903
1.929870
-0.285373
0.139880
6.545625
-1.636708
12.004261
2.935288
-3.346732
4.917483
5.143386
-34.556093
-6.590072
6.819809
9.734372
1.720612
-25.466009
-0.529104
0.090962
11.605490
-0.850610
10.912557
1.269628
-1.007191
-14.945708
-0.162829
13.891713
-5.272617
4.878939
9.225388
-1.786332
0.901649
-4.881190
4.427002
-8.088691
0.949075
-5.984665
3.232118
-3.255470
-4.978697
0.030328
-23.416940
-1.308797
2.009676
-3.209586
8.361490
4.974722
10.113828
-13.241287
5.330469
-3.781982
9.201802
-25.057002
5.410452
9.124597
-4.950177
5.733923
6.472240
14.962724
