1401682018
1401683916
1401685836
1401687756
1401689676
1401691596
1401693516
1401695436
1401697356
1401699276
1401701196
1401703116
1401705036
1401706956
1401708876
1401710796
1401712716
1401714636
1401716556
1401718476
1401720396
1401722316
1401724236
1401726156
1401728076
1401729996
1401731916
1401733888
1401735808
1401737728
1401739648
1401741568
1401743488
1401745408
1401747328
1401749248
1401751168
1401753088
1401755008
1401756928
1401769903
1401771823
1401773661
1401775581
1401777501
1401779421
1401781341
1401783261
1401785181
1401787101
1401789021
